-4.877551 1.959184 17.435849
-0.387755 -1.510204 0.036496
-0.612245 -6.000000 -1.113278
-3.755102 0.734694 -35.077606
-0.612245 -3.551020 0.958090
4.102041 -3.755102 36.759775
3.877551 -4.163265 17.877563
-3.306122 3.387755 32.612216
2.081633 1.551020 -2.088632
-1.734694 1.551020 -1.450439
3.877551 4.000000 34.005670
-0.836735 -1.306122 -0.257864
-1.061224 0.530612 -3.126148
3.653061 -3.551020 34.109081
0.734694 -2.530612 1.444188
-5.551020 2.979592 88.213984
-3.306122 -0.285714 -29.842908
-3.306122 4.000000 24.721463
-3.979592 -1.306122 -5.833014
-2.408163 -1.918367 8.174991
0.510204 -1.510204 0.063186
-2.632653 0.530612 -19.238993
-3.755102 -2.122449 27.032772
-5.102041 -5.591837 -66.585699
-0.387755 -2.938776 0.450217
-3.081633 -1.510204 2.305129
-6.000000 -3.755102 78.645774
1.632653 4.000000 6.028706
4.775510 1.959184 16.713946
1.632653 -4.775510 -1.625619
1.183673 3.387755 4.180289
2.755102 -0.489796 -18.381563
2.979592 1.551020 -4.279246
-1.061224 0.938776 -2.360706
3.877551 -1.918367 21.194856
0.061224 3.387755 0.011184
1.408163 -0.897959 -3.013687
0.061224 -1.918367 0.005284
-0.612245 -1.918367 0.528404
-2.632653 1.346939 -7.430643
-4.428571 -3.959184 33.783378
1.183673 -4.571429 -0.002657
2.755102 0.326531 -22.383450
-2.857143 -1.714286 6.887417
0.734694 2.367347 0.986373
-4.204082 1.551020 -8.519145
1.857143 -3.551020 8.815496
-3.755102 1.142857 -22.811041
2.081633 2.775510 11.360038
-0.387755 -3.346939 0.424187
4.102041 -5.183673 -29.037398
-0.836735 -4.979592 -0.834908
2.755102 0.734694 -18.882602
-1.285714 0.122449 -4.958275
-2.408163 -0.489796 -14.043615
-0.387755 -3.551020 0.384301
0.061224 -1.306122 -0.001381
-6.000000 3.795918 94.111959
-5.326531 2.163265 37.089582
2.530612 -0.081633 -18.735317
-4.204082 -3.346939 49.863696
2.755102 -0.081633 -22.206761
-6.000000 -2.734694 104.221326
-4.204082 0.326531 -52.118743
-0.612245 1.142857 -0.606390
4.102041 -2.530612 45.020549
-2.183673 2.775510 12.501065
0.510204 -0.693878 -0.523867
4.775510 1.551020 -10.992420
-3.755102 -0.285714 -38.498761
-2.632653 -4.775510 -4.226863
3.428571 -3.346939 33.164129
-1.959184 -0.897959 -5.833679
-1.734694 -1.306122 -1.108311
3.428571 -4.367347 7.125312
-4.204082 3.387755 52.733273
-5.551020 -4.367347 18.677688
3.204082 -6.000000 -30.490202
-3.081633 -0.693878 -19.111503
0.285714 0.122449 -0.244853
1.857143 1.142857 -5.579461
-5.102041 -1.306122 -9.587466
2.530612 -3.142857 19.016287
-5.551020 1.142857 -49.847946
-1.061224 2.571429 2.558323
-4.428571 -0.489796 -47.493522
-1.061224 -4.163265 1.339084
-1.959184 -4.367347 2.326632
0.734694 -4.163265 0.641809
4.326531 -1.918367 26.387302
-6.000000 2.367347 65.785597
-2.632653 3.183673 20.689721
-3.081633 -5.795918 -26.804153
1.632653 -0.489796 -6.454980
0.734694 0.326531 -1.591712
-3.530612 -4.163265 14.821540
1.408163 2.979592 5.676724
-1.510204 1.959184 1.671517
1.183673 1.142857 -2.266551
2.755102 3.795918 19.843473
2.081633 -0.897959 -6.585676
-5.102041 2.979592 74.521167
-2.857143 3.387755 24.356022
0.061224 -5.591837 -0.009588
1.632653 -6.000000 -7.916641
4.775510 -4.367347 13.823468
-3.530612 2.367347 22.778670
-4.653061 -2.938776 64.831238
-3.755102 -4.979592 -16.815379
0.734694 -2.326531 1.265766
-3.081633 -1.918367 13.386812
-3.979592 2.571429 35.976414
-2.183673 3.795918 12.465730
4.102041 0.734694 -41.858765
-0.612245 -0.285714 -1.023419
-5.775510 -1.918367 47.021463
2.530612 -6.000000 -19.019731
0.734694 -0.489796 -1.307133
-0.836735 2.571429 1.590437
-4.428571 -2.122449 37.598836
2.081633 3.387755 12.928574
-5.102041 -0.897959 -39.562165
3.877551 0.734694 -37.402575
-1.285714 2.979592 4.732392
-3.530612 -5.387755 -27.263973
0.734694 1.346939 -0.578698
-1.061224 3.183673 3.361878
-3.979592 -0.285714 -43.239466
-0.612245 3.183673 1.118968
1.632653 0.122449 -7.995203
-1.734694 -3.142857 8.935528
4.326531 0.530612 -51.960656
-4.877551 -1.306122 -8.762330
-3.530612 -0.489796 -30.186107
1.408163 2.367347 3.623551
5.000000 -1.918367 35.241585
-3.530612 -0.897959 -18.944896
-3.979592 -2.122449 30.361565
-1.061224 -1.102041 -1.085737
-4.653061 3.795918 56.600445
2.306122 1.142857 -8.603325
-3.979592 -3.959184 27.280531
1.183673 1.551020 -0.675332
1.183673 -5.183673 -2.417807
-1.734694 -3.551020 7.691337
-2.183673 -0.081633 -13.950354
1.408163 3.795918 5.183801
-3.306122 -2.734694 31.644043
0.061224 -5.183673 -0.006469
3.428571 -0.897959 -17.865640
1.857143 -1.102041 -3.325068
-5.326531 1.959184 20.793534
3.204082 -0.285714 -28.029181
2.755102 -5.795918 -21.424748
-1.285714 1.755102 0.211758
0.061224 0.530612 -0.010405
4.551020 0.530612 -57.492690
-1.510204 -0.081633 -6.672385
-3.530612 0.734694 -31.008910
-0.836735 -4.163265 0.832470
-2.183673 -1.714286 4.023165
-2.183673 -3.142857 14.159565
0.510204 3.183673 0.777061
3.204082 2.367347 18.760114
-2.857143 -2.734694 23.632954
0.285714 -2.734694 0.236330
1.632653 -0.081633 -7.798259
3.428571 1.755102 1.505831
-6.000000 0.326531 -106.158347
-1.285714 2.367347 3.020767
-3.530612 -1.510204 3.025753
-1.959184 3.183673 11.458234
-1.510204 3.795918 5.962297
-5.102041 -6.000000 -77.310951
-4.653061 -0.897959 -32.905593
-3.306122 -0.693878 -21.997381
-2.857143 -2.122449 15.649880
0.510204 0.938776 -0.545651
4.775510 0.122449 -68.403957
-5.102041 3.795918 68.050320
-5.551020 -2.122449 59.073505
3.877551 -4.571429 -0.028518
-5.326531 1.346939 -30.417812
3.653061 -3.346939 37.649229
-3.755102 -4.367347 8.547143
-3.530612 -3.346939 35.167560
3.428571 0.326531 -34.663950
-2.632653 -0.285714 -18.923023
-3.081633 -5.183673 -16.387756
-1.734694 3.591837 8.600886
4.326531 -2.938776 56.051385
2.530612 -5.387755 -14.006844
2.979592 4.000000 20.079359
-3.306122 -1.510204 2.653208
3.204082 -3.551020 26.239966
-4.653061 3.591837 61.883527
1.408163 -1.714286 1.673010
0.285714 1.346939 -0.087519
-1.285714 0.938776 -3.465105
-1.061224 3.795918 2.944129
-1.959184 2.163265 5.017801
1.183673 -0.285714 -3.825314
0.959184 1.142857 -1.488350
-4.428571 -2.938776 58.726496
1.857143 2.367347 6.302588
1.632653 2.775510 6.988105
3.877551 2.163265 19.655230
1.183673 -0.489796 -3.392899
-3.530612 -2.530612 33.351155
4.775510 -5.795918 -64.369466
1.857143 -4.163265 4.100945
3.877551 2.979592 43.043426
1.632653 -1.510204 0.647025
4.775510 -0.081633 -66.718978
-1.061224 1.346939 -1.207407
-5.326531 1.755102 3.634450
-2.857143 -1.510204 1.981515
-1.734694 4.000000 6.805844
4.775510 -2.938776 68.288306
4.775510 2.367347 41.674258
-3.081633 -3.551020 24.272687
-1.061224 -1.510204 0.273368
-5.102041 1.142857 -42.110410
-4.204082 -0.081633 -51.707330
-1.061224 4.000000 2.547128
1.183673 4.000000 3.168839
3.877551 -0.693878 -30.258553
1.632653 -5.795918 -7.523643
4.551020 -4.163265 24.626963
2.979592 1.346939 -9.518153
2.979592 -4.979592 -10.587093
-4.877551 3.591837 67.998787
-3.530612 -3.959184 21.472164
2.979592 -2.122449 17.020043
1.408163 -0.693878 -3.990609
0.734694 -0.081633 -1.579147
3.653061 -1.714286 11.259169
-3.306122 2.163265 14.288971
2.530612 2.775510 16.788923
-6.000000 2.979592 103.060985
-5.775510 -0.285714 -91.071811
-5.551020 -4.571429 -0.058446
3.877551 -2.122449 28.824523
-5.102041 -0.693878 -52.386692
-5.551020 0.122449 -92.424544
1.632653 0.530612 -7.399168
-3.081633 2.163265 12.414374
-5.775510 1.346939 -35.761837
0.510204 2.979592 0.745212
2.530612 1.551020 -3.086775
2.306122 -3.551020 13.593173
0.285714 1.551020 -0.039348
4.551020 -5.183673 -35.741709
-2.857143 -4.367347 4.948133
1.408163 -3.551020 5.068298
-4.877551 -0.081633 -69.600679
2.530612 -4.367347 3.881760
1.857143 -1.714286 2.909934
-5.326531 -5.591837 -72.574151
-1.734694 -1.510204 0.730431
1.408163 -2.326531 4.649932
0.959184 -4.979592 -1.097152
-3.530612 -1.918367 17.571769
0.061224 4.000000 0.008478
-2.632653 1.755102 0.887845
-0.836735 -2.326531 1.641784
0.959184 -1.510204 0.223325
-4.204082 2.979592 50.598084
4.326531 -4.775510 -11.415908
-3.530612 1.959184 9.135651
3.653061 -5.795918 -37.666412
-5.102041 -3.755102 56.867056
3.204082 4.000000 23.218996
-0.387755 -2.734694 0.435280
4.775510 -2.530612 61.016935
-1.061224 0.734694 -2.801567
-4.204082 3.183673 52.760591
-3.755102 3.795918 36.862586
-0.836735 -0.081633 -2.048261
2.530612 2.979592 18.333399
-4.877551 3.387755 70.981649
-6.000000 1.551020 -17.352268
-1.285714 -0.489796 -4.003096
1.408163 2.163265 2.592204
-3.530612 4.000000 28.192679
0.959184 0.938776 -1.928550
-5.102041 -4.979592 -31.042095
2.755102 -4.979592 -9.051875
2.755102 -4.163265 9.025446
-4.653061 -4.979592 -25.819076
4.775510 0.734694 -56.731728
-2.183673 -3.551020 12.187974
2.306122 -4.979592 -6.342024
1.408163 -1.510204 0.481326
5.000000 3.387755 74.590317
0.959184 -6.000000 -2.732478
4.102041 0.938776 -35.271781
4.102041 -2.122449 32.258714
-4.204082 3.795918 46.204534
1.183673 -3.346939 3.952811
-5.102041 2.367347 47.568141
3.653061 -2.326531 31.293522
-2.408163 1.551020 -2.795282
2.081633 3.795918 11.327928
-5.775510 2.367347 60.954958
1.632653 -2.122449 5.110165
-1.061224 -0.285714 -3.074807
-5.551020 -0.693878 -62.012432
3.204082 -4.367347 6.222782
0.510204 -4.979592 -0.310421
3.428571 -5.591837 -30.069036
0.959184 1.959184 0.674284
4.102041 2.571429 38.224408
-1.734694 -0.897959 -4.573386
-2.183673 1.959184 3.494740
-1.285714 -5.387755 -3.615580
-3.530612 2.979592 35.685504
4.775510 -6.000000 -67.731815
-3.979592 -4.979592 -18.886011
0.734694 3.387755 1.610480
-4.428571 2.367347 35.838979
-4.877551 -1.102041 -22.935783
-1.285714 -5.591837 -4.228458
-4.877551 3.795918 62.193637
2.530612 -0.489796 -15.508089
2.530612 -0.897959 -9.732925
-1.510204 -3.959184 3.928683
-1.959184 -0.285714 -10.479814
-6.000000 -4.367347 21.821267
0.061224 -2.122449 0.007186
1.632653 3.387755 7.952987
-0.836735 0.326531 -2.064559
-0.612245 1.755102 0.048018
-0.163265 -3.755102 0.058232
0.285714 3.591837 0.233325
-4.877551 -1.918367 33.536603
-4.428571 -5.183673 -33.844262
-6.000000 4.000000 81.421443
-4.653061 -1.306122 -7.974317
0.959184 -0.489796 -2.227977
0.959184 -4.775510 -0.561092
-4.204082 -3.551020 45.175025
-5.551020 -2.326531 72.258042
1.632653 -3.346939 7.520211
0.061224 1.346939 -0.004019
-6.000000 -1.714286 30.373508
-0.163265 4.000000 0.060287
-1.285714 -2.734694 4.785673
0.959184 3.795918 2.405171
-4.653061 1.346939 -23.212218
3.877551 3.795918 39.305865
4.551020 2.367347 37.848257
2.530612 3.183673 19.116949
-2.183673 2.979592 13.651085
-4.653061 -5.795918 -61.110788
-1.959184 -1.306122 -1.413729
-1.959184 2.571429 8.719491
2.081633 -2.734694 12.544758
-1.959184 -0.489796 -9.295171
-5.551020 -1.102041 -29.706780
5.000000 -5.795918 -70.563540
-5.775510 0.734694 -82.978804
0.061224 3.591837 0.010714
4.775510 -5.183673 -39.354763
1.632653 -3.755102 5.823187
-1.285714 -4.775510 -1.008138
3.877551 -4.775510 -9.169506
2.755102 3.387755 22.647372
-2.632653 -1.306122 -2.552720
2.081633 -4.571429 -0.008219
-5.102041 -4.163265 30.951460
3.428571 2.163265 15.367014
-1.061224 -0.693878 -2.266458
3.204082 -0.081633 -30.034263
-3.530612 3.591837 35.628502
4.326531 -0.489796 -45.330095
3.653061 -1.102041 -12.865416
-5.551020 2.775510 80.782496
0.510204 -1.306122 -0.095875
3.428571 -1.714286 9.917880
-3.081633 0.326531 -28.003569
-1.285714 -1.714286 1.394702
2.755102 2.979592 21.730372
-2.857143 -0.081633 -23.882168
0.959184 -5.795918 -2.596832
0.734694 -1.306122 -0.198806
-4.204082 -6.000000 -52.492280
-4.877551 -5.183673 -41.054559
1.408163 -2.734694 5.740637
3.653061 1.346939 -14.307146
2.979592 2.775510 23.274758
0.061224 -5.795918 -0.010580
-5.326531 -2.938776 84.956309
-2.183673 1.142857 -7.713953
-4.877551 4.000000 53.807144
1.857143 -2.326531 8.087814
2.306122 0.122449 -15.951679
-1.285714 3.387755 4.932094
0.734694 -6.000000 -1.603120
-5.102041 -0.489796 -63.036911
-4.204082 -0.489796 -42.800550
-1.510204 -4.571429 -0.004326
-1.959184 -4.571429 -0.007280
-5.102041 -0.081633 -76.154872
3.204082 -2.530612 27.467427
-4.428571 -2.326531 45.990470
1.857143 -6.000000 -10.243392
4.326531 -1.714286 15.793268
-1.959184 -1.102041 -3.700498
-2.183673 -4.571429 -0.009044
2.306122 -3.959184 9.160949
0.061224 -2.530612 0.010029
-4.877551 0.734694 -59.182063
-5.551020 0.326531 -90.865139
-0.612245 -2.530612 1.002908
1.632653 -5.591837 -6.818376
2.755102 -5.183673 -13.098849
1.632653 -5.387755 -5.830112
3.204082 0.734694 -25.538395
-1.734694 -3.346939 8.489613
4.326531 -1.510204 4.543735
-4.877551 -1.510204 5.774802
4.102041 2.367347 30.748807
2.081633 -3.959184 7.464212
0.061224 -3.142857 0.011131
-2.857143 -1.306122 -3.006629
-4.877551 -2.938776 71.237788
-6.000000 1.346939 -38.595939
-3.755102 2.367347 25.767472
4.775510 -4.775510 -13.908185
2.979592 -0.285714 -24.239118
2.979592 -2.326531 20.818723
-0.163265 -5.795918 -0.075236
-3.755102 -5.387755 -30.841293
-6.000000 3.387755 107.410056
-0.387755 1.551020 -0.072472
0.734694 -5.795918 -1.523538
-3.755102 -2.734694 40.822310
-2.632653 -0.489796 -16.783956
-2.408163 -5.387755 -12.684138
-1.959184 3.387755 11.452301
1.632653 2.367347 4.870978
3.653061 -1.918367 18.811756
5.000000 2.571429 56.791171
4.326531 -5.795918 -52.834781
-4.428571 -3.142857 58.237380
5.000000 -4.571429 -0.047418
4.102041 -5.591837 -43.042061
-4.877551 -4.163265 28.287654
5.000000 -3.142857 74.235995
5.000000 1.551020 -12.050186
-1.285714 1.551020 -0.796788
0.285714 -4.979592 -0.097348
2.306122 2.163265 6.952289
3.204082 2.163265 13.420547
0.959184 1.755102 0.117856
-5.326531 0.122449 -85.100189
2.081633 -6.000000 -12.869490
3.653061 -4.979592 -15.913916
-3.755102 4.000000 31.891855
2.530612 1.755102 0.820354
-1.510204 0.326531 -6.725474
3.653061 1.142857 -21.588155
0.959184 -2.938776 2.754929
-0.163265 -1.306122 -0.009818
-3.081633 -4.571429 -0.018012
-4.428571 3.591837 56.056352
4.775510 3.591837 65.183410
-3.755102 -2.326531 33.066180
4.551020 -3.551020 52.938751
2.306122 -0.693878 -10.702811
-2.632653 3.591837 19.810014
2.530612 -2.326531 15.017296
-3.081633 0.734694 -23.623715
-4.653061 -4.571429 -0.041066
-4.204082 -5.183673 -30.500013
2.306122 -0.081633 -15.558745
5.000000 1.142857 -40.442838
-4.877551 1.346939 -25.506023
1.857143 1.755102 0.441815
-4.428571 0.326531 -57.833431
-0.612245 -5.591837 -0.958834
-5.326531 -1.102041 -27.352610
1.632653 -4.979592 -3.178711
-5.551020 -3.959184 53.078838
-5.326531 1.551020 -13.675481
-3.081633 -2.326531 22.269080
3.428571 -3.959184 20.248934
3.204082 -3.346939 28.963386
2.979592 2.979592 25.415891
2.979592 -2.530612 23.753323
2.081633 1.959184 3.175760
0.510204 0.326531 -0.767608
-0.836735 -1.102041 -0.674972
4.326531 -3.755102 40.893328
-2.857143 1.551020 -3.934755
-2.408163 -2.122449 11.117802
-2.408163 -3.346939 16.361158
-0.387755 3.591837 0.429747
1.183673 -1.918367 1.975055
4.551020 -4.571429 -0.039285
3.653061 -4.775510 -8.138508
3.653061 -5.387755 -29.187910
-3.979592 2.163265 20.703327
-0.387755 -5.387755 -0.328855
3.204082 2.979592 29.389956
0.510204 -6.000000 -0.773110
2.755102 -3.755102 16.582434
3.428571 3.183673 35.090841
4.551020 0.122449 -62.123975
1.183673 -5.591837 -3.583909
4.326531 1.551020 -9.022633
-0.387755 0.530612 -0.417359
-1.061224 -1.714286 0.950182
-2.408163 -1.510204 1.407684
2.530612 1.959184 4.693433
4.102041 -0.081633 -49.227728
4.326531 -3.346939 52.810679
4.102041 -6.000000 -49.975036
3.428571 -5.795918 -33.179264
4.326531 -4.367347 11.346372
-4.204082 2.571429 40.149773
-0.836735 -2.530612 1.873210
4.775510 -0.285714 -62.264832
2.081633 0.122449 -12.997202
-1.734694 0.734694 -7.485695
-2.857143 -4.775510 -4.978458
-1.734694 -5.795918 -8.493487
2.755102 1.551020 -3.658720
-1.959184 -2.530612 10.269780
0.510204 -1.714286 0.219624
-3.530612 3.183673 37.210664
2.081633 2.571429 9.843488
5.000000 -0.693878 -50.312179
-5.551020 3.183673 91.984155
-3.081633 -3.142857 28.199166
3.877551 1.142857 -24.322973
-3.755102 -3.142857 41.871451
-4.204082 -4.571429 -0.033523
4.102041 -3.551020 43.008676
4.551020 -2.122449 39.706779
-5.102041 -4.571429 -0.049374
2.979592 2.571429 20.167607
-3.081633 -3.755102 20.746012
3.653061 -6.000000 -39.633923
-0.387755 -2.122449 0.288245
2.081633 -0.285714 -11.830727
1.183673 -2.530612 3.748648
4.326531 0.122449 -56.146312
1.857143 0.734694 -8.579798
2.979592 -5.591837 -22.709452
-3.081633 -0.081633 -27.782516
4.326531 -4.163265 22.257319
-0.612245 -0.081633 -1.096630
4.326531 -2.734694 54.191810
1.183673 1.346939 -1.502114
4.102041 1.755102 2.155509
-1.061224 2.979592 3.224084
3.877551 -4.979592 -17.929914
-0.163265 -2.326531 0.062507
-0.612245 -3.755102 0.818886
-4.877551 -4.775510 -14.508902
-4.204082 -4.979592 -21.076838
0.959184 -2.734694 2.663530
-3.755102 -3.551020 36.041230
-5.326531 1.142857 -45.897652
1.857143 -5.387755 -7.543618
3.653061 -0.081633 -39.041252
2.081633 0.734694 -10.779401
0.285714 1.755102 0.010457
4.775510 -3.959184 39.283965
-2.408163 3.183673 17.311680
-0.836735 -3.959184 1.206011
1.408163 -2.122449 3.801484
2.979592 -0.693878 -17.866795
-2.857143 2.979592 23.369838
-4.653061 -3.959184 37.295231
-1.285714 -4.571429 -0.003135
4.551020 -0.489796 -50.156201
-6.000000 -4.571429 -0.068282
-4.428571 -1.306122 -7.223427
-4.428571 1.755102 2.512333
0.061224 2.775510 0.009827
0.510204 -4.367347 0.157785
-5.326531 2.775510 74.380736
0.959184 -5.183673 -1.587674
-5.551020 1.959184 22.583180
4.102041 1.959184 12.332167
-2.632653 -4.571429 -0.013146
-3.530612 0.122449 -37.388816
1.183673 -3.755102 3.060812
-0.163265 -5.183673 -0.045999
-1.510204 -2.326531 5.348251
2.755102 -3.142857 22.539792
-0.836735 2.979592 2.004321
3.653061 0.122449 -40.027233
1.183673 1.755102 0.179479
4.775510 -0.489796 -55.226386
-2.857143 -0.897959 -12.406695
3.204082 2.775510 26.914032
-2.857143 -5.795918 -23.041156
-0.163265 -3.346939 0.075202
-2.632653 2.979592 19.841708
-4.877551 -0.897959 -36.157286
2.306122 -4.775510 -3.243364
-5.775510 -4.367347 20.218931
-1.510204 2.775510 5.979197
-4.653061 2.163265 28.303531
-2.183673 -0.897959 -7.247156
2.081633 -1.510204 1.051821
4.551020 -0.897959 -31.478190
4.102041 3.387755 50.204471
-5.326531 2.367347 51.846229
-3.755102 0.326531 -41.581020
0.734694 -3.959184 0.929798
-0.836735 0.938776 -1.467584
-2.183673 -6.000000 -14.162129
-5.775510 -1.306122 -12.285609
-4.428571 -4.775510 -11.960744
4.326531 -3.142857 55.584549
1.632653 -3.551020 6.813087
-5.326531 0.938776 -59.472513
-0.387755 1.142857 -0.243230
-4.653061 -3.142857 64.291278
-3.306122 -2.530612 29.244803
-1.510204 0.734694 -5.673587
0.510204 -5.795918 -0.734731
1.183673 -5.795918 -3.954615
-5.551020 3.591837 88.073077
-2.857143 -2.938776 24.443911
-1.734694 -2.938776 9.010574
-0.836735 3.183673 2.089984
-0.836735 -1.510204 0.169945
-3.081633 2.775510 24.896217
3.877551 -1.714286 12.685497
-4.877551 2.979592 68.107577
-1.061224 -5.387755 -2.463222
-0.836735 -1.714286 0.590701
-5.102041 -1.102041 -25.095611
-3.306122 0.326531 -32.232168
1.857143 -3.346939 9.730447
-4.204082 1.142857 -28.591958
-5.102041 -2.734694 75.360184
-5.102041 -2.326531 61.041950
-1.734694 -1.714286 2.538856
-3.979592 -5.183673 -27.329697
-1.510204 -2.734694 6.602758
3.877551 -5.387755 -32.885476
-1.285714 -4.979592 -1.971297
0.959184 -3.755102 2.009909
0.285714 -1.510204 0.019815
-3.530612 -3.755102 27.231586
-1.510204 -2.938776 6.829329
-5.775510 3.795918 87.201313
3.428571 -1.918367 16.570737
-3.530612 -2.326531 29.230792
-3.755102 1.551020 -6.796686
-3.081633 -0.285714 -25.927760
-3.530612 -5.591837 -31.885494
-2.408163 -4.571429 -0.011000
2.306122 -2.734694 15.396387
-2.183673 -5.387755 -10.429524
1.632653 -0.897959 -4.051166
-1.061224 -4.775510 -0.686824
-1.959184 -2.734694 11.112311
4.326531 -5.591837 -47.882043
-4.204082 -3.142857 52.482777
-0.612245 -1.306122 -0.138060
4.102041 3.183673 50.230480
5.000000 -1.102041 -24.101825
3.653061 4.000000 30.182152
-5.551020 -5.591837 -78.820422
0.510204 -1.918367 0.366947
-0.387755 2.163265 0.196552
2.979592 -4.367347 5.381347
3.204082 -3.142857 30.484682
-5.551020 0.938776 -64.591160
0.285714 -2.938776 0.244439
-5.326531 3.591837 81.093562
-3.081633 3.795918 24.825846
-1.285714 2.775510 4.333717
3.428571 -0.285714 -32.094430
2.306122 -5.795918 -15.010843
4.551020 -0.285714 -56.548466
3.428571 -5.387755 -25.710794
3.877551 0.122449 -45.097941
2.530612 2.571429 14.547622
-4.204082 0.530612 -49.061107
4.102041 -4.775510 -10.261973
-2.857143 1.959184 5.982784
4.775510 -3.551020 58.290218
2.755102 -0.693878 -15.275959
-0.836735 -3.755102 1.529496
-0.612245 -4.775510 -0.228603
0.734694 3.183673 1.611314
-3.306122 -3.142857 32.457300
-3.530612 1.551020 -6.008330
-1.959184 4.000000 8.681337
-2.183673 -2.530612 12.758107
-1.959184 1.346939 -4.115185
2.755102 -2.326531 17.799832
-6.000000 2.571429 81.779286
0.734694 -3.142857 1.602830
4.775510 0.326531 -67.249832
-5.326531 3.183673 84.694699
-1.061224 -3.142857 3.344175
-4.204082 -5.387755 -38.657287
0.285714 2.367347 0.149174
-3.081633 1.959184 6.959871
-3.081633 3.183673 28.348436
-1.510204 -0.489796 -5.523042
2.530612 -4.571429 -0.012147
-0.836735 0.734694 -1.741655
1.632653 1.142857 -4.312106
-0.836735 2.775510 1.835469
1.408163 -5.591837 -5.072232
1.408163 0.938776 -4.156554
0.510204 -0.489796 -0.630369
-2.408163 -4.367347 3.515194
0.510204 -2.122449 0.499040
-3.755102 -0.489796 -34.146843
-6.000000 -5.591837 -92.086424
3.653061 -4.367347 8.088935
-5.551020 3.387755 91.936527
4.102041 -5.795918 -47.494170
-0.163265 3.795918 0.069684
3.877551 -1.102041 -14.495225
-4.204082 -3.959184 30.445145
1.183673 -1.510204 0.340093
1.857143 3.591837 9.857985
2.979592 3.387755 26.488416
1.857143 2.775510 9.041953
5.000000 -2.326531 58.624688
-1.061224 3.387755 3.360137
-3.979592 -1.714286 13.361940
-4.877551 -3.551020 60.807866
-4.428571 -4.571429 -0.037199
0.285714 -0.285714 -0.222878
-4.204082 -5.591837 -45.210092
0.959184 -1.306122 -0.338859
0.959184 2.367347 1.681248
3.428571 -4.775510 -7.168979
-1.510204 2.367347 4.167730
3.204082 -0.693878 -20.660473
2.081633 -0.693878 -8.720498
3.428571 -3.551020 30.045714
3.653061 -5.591837 -34.135558
3.428571 1.551020 -5.666047
-1.285714 1.346939 -1.772263
3.877551 1.551020 -7.247176
-5.775510 -1.714286 28.143179
-4.204082 -1.714286 14.911960
-3.755102 -0.897959 -21.430666
2.979592 -0.081633 -25.973076
-4.428571 -1.918367 27.646664
3.204082 1.142857 -16.607672
-4.428571 -3.755102 42.845005
-4.877551 -1.714286 20.072252
3.877551 -0.285714 -41.050486
-2.857143 -3.755102 17.833509
5.000000 -3.346939 70.531350
-6.000000 -1.918367 50.747883
0.959184 -1.918367 1.296937
-2.183673 0.326531 -14.061351
-1.734694 -1.918367 4.241907
3.877551 3.387755 44.859816
-0.836735 -2.938776 2.096440
3.653061 -3.142857 39.626747
5.000000 -2.530612 66.888405
2.306122 2.979592 15.224972
-2.183673 3.183673 14.234518
1.857143 -5.591837 -8.822339
-0.836735 1.959184 0.513115
-6.000000 0.530612 -99.930386
-6.000000 -4.775510 -21.954998
3.653061 3.591837 38.142699
-4.653061 -4.163265 25.743691
-4.428571 2.979592 56.146036
-3.979592 1.142857 -25.619974
-1.061224 -2.122449 2.159045
-1.959184 1.959184 2.813130
-1.959184 1.142857 -6.209433
-5.775510 -2.122449 63.948123
3.653061 -2.530612 35.704646
4.102041 0.122449 -50.470967
-4.877551 -3.346939 67.119054
3.428571 -0.489796 -28.466460
4.775510 -4.571429 -0.043256
4.102041 -0.897959 -25.573616
0.285714 -1.714286 0.068874
-6.000000 -3.551020 92.014998
-5.775510 -5.795918 -94.150160
-1.734694 -1.102041 -2.901053
0.959184 -1.714286 0.776240
-1.510204 -4.367347 1.382448
2.979592 0.734694 -22.085133
-1.510204 -0.285714 -6.226938
2.530612 -3.346939 18.067306
2.979592 -4.571429 -0.016839
0.959184 3.591837 2.629669
-1.061224 -0.081633 -3.294764
3.428571 2.367347 21.481011
0.959184 2.163265 1.202726
-0.163265 1.755102 0.003415
0.734694 2.775510 1.415091
0.061224 1.755102 0.000480
2.306122 -6.000000 -15.794937
-3.979592 0.122449 -47.502748
-1.285714 -4.163265 1.965542
-1.061224 -6.000000 -3.344781
-4.877551 1.755102 3.047569
-1.510204 -1.510204 0.553611
-2.183673 2.571429 10.832188
-1.510204 3.183673 6.808299
3.204082 -0.489796 -24.860749
-4.653061 -3.755102 47.298833
1.408163 -3.959184 3.415716
-0.163265 -2.734694 0.077169
3.653061 2.571429 30.314800
-0.612245 -3.959184 0.645693
-1.510204 -3.142857 6.772450
1.408163 -6.000000 -5.889239
-5.775510 -2.938776 99.882061
3.204082 -4.571429 -0.019472
-6.000000 -0.081633 -105.320360
-2.408163 0.530612 -16.097815
-5.326531 -6.000000 -84.263989
-1.061224 3.591837 3.218934
3.204082 -2.326531 24.073968
-0.612245 -2.122449 0.718617
-4.653061 -2.530612 57.927977
-4.428571 0.734694 -48.788084
-5.551020 -2.938776 92.268281
-1.959184 0.326531 -11.318841
-3.530612 -3.142857 37.014729
-1.285714 0.530612 -4.588640
4.551020 3.795918 54.145190
0.285714 0.530612 -0.226600
4.102041 1.346939 -18.040105
-4.428571 -1.510204 4.760590
0.061224 2.367347 0.006850
-3.306122 -1.306122 -4.025815
-2.183673 -4.163265 5.669812
-5.775510 -5.183673 -57.562342
3.428571 -2.326531 27.565568
-1.061224 0.326531 -3.320979
-5.775510 2.979592 95.493212
-1.061224 -3.959184 1.939949
1.857143 -0.081633 -10.090216
-3.755102 2.571429 32.032018
3.428571 1.346939 -12.602756
-6.000000 1.755102 4.611608
-1.959184 -4.775510 -2.340891
-0.163265 0.938776 -0.055875
4.551020 -2.938776 62.018941
-1.734694 2.571429 6.835755
5.000000 0.938776 -52.404363
2.081633 -3.142857 12.867160
-0.163265 3.591837 0.076188
-5.775510 -2.734694 96.568349
4.551020 2.775510 54.298669
3.204082 -2.938776 30.740712
-2.632653 -2.122449 13.287227
4.326531 2.367347 34.206440
0.734694 2.163265 0.705628
-2.408163 -0.285714 -15.833434
-0.612245 -4.367347 0.227210
3.653061 -0.489796 -32.316251
-2.183673 -2.326531 11.181908
-3.979592 -2.938776 47.422435
2.306122 -0.285714 -14.520046
-4.204082 -4.775510 -10.778869
2.979592 -5.387755 -19.417917
-5.102041 1.755102 3.334554
-2.857143 3.591837 23.332509
4.102041 -3.959184 28.985161
3.428571 -2.530612 31.451201
2.306122 -0.897959 -8.082708
-5.551020 1.346939 -33.035795
-5.775510 -3.959184 57.458790
0.061224 -3.959184 0.006457
2.306122 0.326531 -15.682539
-3.306122 -3.959184 18.828409
-1.959184 3.591837 10.971041
3.877551 -3.142857 44.646721
-1.959184 -5.591837 -9.818461
2.306122 0.734694 -13.229736
-6.000000 3.183673 107.465700
-1.510204 0.122449 -6.840895
2.755102 -5.387755 -16.602155
3.877551 -2.938776 45.021693
-3.755102 -5.183673 -24.333312
-4.428571 -5.591837 -50.167264
-2.857143 -5.591837 -20.881275
-1.959184 -4.163265 4.563978
-4.653061 -1.102041 -20.873124
0.285714 -1.102041 -0.078700
-6.000000 -2.530612 96.319303
-2.408163 -2.530612 15.516104
-0.612245 0.530612 -1.040508
2.306122 -2.938776 15.924709
0.061224 -0.081633 -0.010966
0.510204 0.122449 -0.780782
-3.081633 3.387755 28.333758
-3.306122 -4.163265 12.996642
-1.510204 -1.306122 -0.840015
-4.204082 0.122449 -53.013191
-5.551020 1.551020 -14.852494
-1.061224 -5.183673 -1.943445
-5.102041 3.183673 77.706121
-2.632653 -1.102041 -6.681857
0.510204 0.530612 -0.722575
-2.408163 0.734694 -14.426411
2.979592 -0.897959 -13.492914
-0.836735 2.163265 0.915248
-5.102041 -3.346939 73.439556
1.408163 -5.387755 -4.337057
2.306122 -4.571429 -0.010087
-5.775510 -4.775510 -20.342841
3.653061 -1.510204 3.239272
1.183673 -4.367347 0.849261
-3.081633 -4.775510 -5.791521
-2.408163 2.979592 16.602124
-2.183673 4.000000 10.784790
-0.612245 -0.489796 -0.907732
-6.000000 -5.795918 -101.611497
-2.632653 2.775510 18.170165
4.551020 -3.755102 45.247070
3.877551 -1.510204 3.649627
5.000000 0.122449 -74.986257
-1.510204 0.938776 -4.780780
-3.530612 -2.734694 36.087279
1.408163 -4.163265 2.357758
-0.387755 -0.285714 -0.410505
-3.755102 2.979592 40.367818
-1.959184 -2.938776 11.493627
0.285714 3.183673 0.243686
0.510204 -1.102041 -0.250956
-0.387755 -5.591837 -0.384599
-1.959184 -6.000000 -11.399964
-2.408163 -1.714286 4.892877
-1.959184 -3.755102 8.385389
0.061224 3.183673 0.011190
-3.979592 -0.489796 -38.351657
2.081633 -5.387755 -9.477576
-5.775510 -0.693878 -67.129564
2.081633 -4.979592 -5.167391
-6.000000 -0.489796 -87.178535
3.428571 3.795918 30.730436
0.510204 -3.346939 0.734396
1.183673 -3.551020 3.581129
-4.653061 -2.734694 62.680381
-2.632653 -2.938776 20.753629
1.632653 0.326531 -7.860306
-5.551020 -3.142857 91.499805
-1.285714 3.795918 4.321468
2.081633 1.755102 0.555083
-2.632653 -1.714286 5.847628
1.183673 -0.897959 -2.129394
-3.979592 -2.734694 45.849136
3.653061 0.530612 -37.043240
2.081633 2.367347 7.918383
-2.632653 -0.081633 -20.276692
-4.428571 3.387755 58.515343
3.204082 -1.918367 14.471801
-2.632653 -0.897959 -10.533664
-3.530612 -5.795918 -35.183610
4.326531 3.183673 55.878782
-0.612245 0.326531 -1.105356
4.775510 -3.346939 64.340101
1.857143 -4.775510 -2.103398
0.959184 -5.387755 -2.012300
-5.551020 -1.306122 -11.349106
-0.387755 -0.693878 -0.302586
-4.877551 1.551020 -11.467200
0.285714 3.387755 0.243560
5.000000 2.979592 71.570129
0.959184 -3.142857 2.731984
-6.000000 -1.102041 -34.706628
0.061224 0.938776 -0.007857
-2.632653 -3.346939 19.553722
-5.551020 -5.795918 -86.973310
-4.428571 -0.693878 -39.469391
-4.204082 -1.510204 4.290182
-5.326531 -4.571429 -0.053814
-0.612245 2.775510 0.982702
1.632653 2.979592 7.630967
4.775510 -4.979592 -27.195855
2.979592 -4.775510 -5.414327
-0.612245 2.163265 0.490020
-4.204082 -0.693878 -35.569306
2.530612 -1.510204 1.554478
-1.285714 -0.897959 -2.512356
3.204082 -5.183673 -17.715968
-4.877551 -0.489796 -57.611702
-4.877551 -4.571429 -0.045124
-4.653061 -5.387755 -47.355086
-2.408163 1.755102 0.742885
1.632653 -0.693878 -5.364397
1.183673 -4.979592 -1.670810
0.285714 1.142857 -0.132058
-2.632653 -3.755102 15.141195
-6.000000 -4.979592 -42.930473
0.285714 0.938776 -0.171116
-1.734694 -4.163265 3.577989
5.000000 0.734694 -62.190846
0.061224 2.163265 0.004900
4.102041 -4.571429 -0.031916
-2.183673 -2.122449 9.141606
-1.061224 -4.979592 -1.343005
2.979592 1.142857 -14.362008
3.204082 0.938776 -21.519619
-0.612245 -2.938776 1.122424
3.877551 -3.551020 38.430069
-5.102041 0.122449 -78.078152
4.326531 2.571429 42.522655
0.510204 -2.326531 0.610419
-3.979592 -2.530612 42.372871
3.653061 -2.122449 25.583561
-2.408163 4.000000 13.116204
0.061224 2.571429 0.008515
0.285714 -1.918367 0.115075
-0.163265 -3.959184 0.045916
-2.408163 3.591837 16.575605
-4.204082 -2.734694 51.167756
-5.102041 4.000000 58.874083
-2.857143 -5.387755 -17.854718
0.734694 2.979592 1.545271
-0.163265 0.734694 -0.066309
-1.959184 2.979592 10.988593
-3.306122 0.530612 -30.341213
-4.877551 -0.693878 -47.878083
2.530612 4.000000 14.483966
2.081633 -5.591837 -11.084122
1.857143 0.122449 -10.345043
-6.000000 1.142857 -58.237687
2.530612 -2.734694 18.539811
-3.306122 2.979592 31.291736
-1.061224 -3.346939 3.177289
-3.081633 2.367347 17.353619
-0.163265 3.183673 0.079571
-3.755102 -3.346939 39.781914
-1.510204 -5.591837 -5.833973
-2.183673 -0.489796 -11.547354
2.530612 -4.979592 -7.636852
2.979592 1.959184 6.506583
2.755102 -2.734694 21.975030
-0.163265 0.530612 -0.073992
0.734694 -5.183673 -0.931474
-5.326531 -2.530612 75.910121
0.285714 -2.530612 0.218411
-5.102041 2.775510 68.243215
-4.428571 3.795918 51.270744
4.551020 2.163265 27.075760
-2.857143 0.734694 -20.307215
1.183673 -4.163265 1.665931
-1.734694 0.530612 -8.352967
-5.102041 -2.938776 77.946145
-1.285714 -3.142857 4.908666
-1.061224 -3.551020 2.878529
-2.857143 -2.530612 21.841112
-1.061224 -5.591837 -2.880764
-1.734694 0.938776 -6.307730
4.102041 -0.489796 -40.748068
5.000000 -2.734694 72.375921
-5.775510 3.591837 95.340677
0.285714 -2.122449 0.156499
-5.551020 2.163265 40.281788
-4.428571 -1.102041 -18.907636
2.306122 -0.489796 -12.878693
-5.551020 -3.755102 67.316037
-1.959184 -5.387755 -8.395361
-2.183673 0.530612 -13.236418
-3.755102 -6.000000 -41.879033
-0.387755 -3.755102 0.328464
-3.530612 -0.081633 -36.467826
0.061224 -2.326531 0.008790
4.102041 0.326531 -49.619411
2.530612 -1.102041 -6.173922
3.204082 -3.755102 22.427457
-5.551020 -0.489796 -74.619565
-1.734694 3.183673 8.982828
2.755102 4.000000 17.167683
5.000000 -4.775510 -15.246526
-2.183673 -4.979592 -5.686415
-3.530612 -4.775510 -7.602054
0.285714 -4.163265 0.097064
0.959184 2.775510 2.411988
0.510204 -2.530612 0.696464
4.102041 4.000000 38.057149
-4.653061 4.000000 48.968165
1.408163 0.122449 -5.947681
-0.612245 -1.714286 0.316259
-2.632653 2.163265 9.060462
4.551020 -1.102041 -19.967675
4.551020 1.551020 -9.983235
5.000000 -5.387755 -54.680075
-4.204082 -3.755102 38.611366
-0.612245 3.387755 1.118389
1.632653 -4.367347 1.615717
2.530612 2.163265 8.371712
4.326531 4.000000 42.336588
3.653061 0.326531 -39.351886
-0.836735 1.346939 -0.750611
-4.653061 0.326531 -63.845337
-1.510204 -1.918367 3.215042
-2.632653 -4.163265 8.241012
1.857143 -2.734694 9.984923
1.632653 -1.918367 3.757537
-4.428571 -4.367347 11.887890
-1.734694 -6.000000 -8.937146
-2.632653 -5.591837 -17.728842
0.734694 -3.755102 1.179195
-1.734694 0.122449 -9.025834
-3.755102 3.183673 42.093095
3.877551 2.367347 27.475358
-2.408163 -1.306122 -2.135934
0.285714 3.795918 0.213406
-5.326531 -0.081633 -83.003936
2.755102 1.346939 -8.137940
4.775510 3.795918 59.618613
2.979592 -1.102041 -8.559009
0.285714 -3.142857 0.242403
-4.653061 1.755102 2.773495
-2.408163 1.142857 -9.381526
2.081633 2.979592 12.405091
-5.775510 -6.000000 -99.068108
-2.183673 -2.938776 14.278487
4.551020 -1.510204 5.027488
-1.959184 1.755102 0.491700
0.285714 0.734694 -0.203072
-4.204082 1.755102 2.264082
-5.775510 -3.142857 99.050172
-5.102041 3.387755 77.665886
0.510204 3.795918 0.680503
-1.959184 -1.714286 3.238491
-0.836735 -4.367347 0.424378
0.285714 -3.551020 0.208651
-2.857143 0.938776 -17.111629
-0.387755 -1.102041 -0.144952
-0.612245 -2.734694 1.085187
4.102041 2.163265 21.996979
3.877551 -0.081633 -43.987054
5.000000 2.163265 32.681584
3.653061 1.755102 1.709479
3.653061 2.775510 34.985293
2.306122 -5.387755 -11.631985
0.061224 -0.897959 -0.005697
1.857143 -4.571429 -0.006542
2.530612 -5.795918 -18.075552
-1.510204 1.346939 -2.445177
-0.163265 -0.897959 -0.040512
0.285714 2.979592 0.233698
-4.653061 -1.918367 30.520593
1.632653 0.938776 -5.587471
2.306122 -4.163265 6.323507
0.285714 -3.346939 0.230306
-1.285714 -3.346939 4.663706
-0.163265 1.142857 -0.043121
5.000000 0.326531 -73.721075
-1.285714 -2.530612 4.422825
-3.306122 3.795918 28.574602
-1.734694 -2.530612 8.051124
5.000000 -0.897959 -37.995503
-1.285714 -6.000000 -4.909555
4.326531 -3.959184 32.244476
0.959184 1.346939 -0.986376
3.204082 0.530612 -28.497201
0.285714 -0.693878 -0.164285
-0.387755 -0.489796 -0.364101
0.734694 -4.979592 -0.643689
4.551020 2.979592 59.293810
2.755102 -1.102041 -7.317880
-3.755102 0.530612 -39.141598
5.000000 1.346939 -26.802735
-1.734694 -4.571429 -0.005708
3.204082 -4.163265 12.206761
0.959184 -1.102041 -0.886979
4.102041 -4.367347 10.199466
4.775510 -2.734694 66.022756
-5.775510 -2.326531 78.220619
3.428571 -3.142857 34.906068
-5.775510 -4.979592 -39.778086
2.530612 -4.775510 -3.905549
-4.653061 -1.510204 5.255463
-4.428571 -0.897959 -29.807084
-1.285714 2.163265 2.160986
-2.408163 0.122449 -17.394563
4.775510 -2.326531 53.478608
0.959184 -0.693878 -1.851555
-2.632653 -2.326531 16.252785
4.775510 -5.387755 -49.880253
-5.551020 -1.714286 25.997890
-5.102041 -1.714286 21.962426
0.510204 -4.775510 -0.158752
-3.755102 1.346939 -15.117591
-6.000000 -3.959184 62.012360
3.653061 -3.959184 22.987390
-3.306122 -2.326531 25.631759
1.857143 -5.183673 -5.951801
4.326531 -3.551020 47.844903
-2.857143 4.000000 18.462912
-6.000000 -0.693878 -72.449537
-1.734694 -5.591837 -7.697307
-0.836735 -1.918367 0.986941
-5.326531 -0.897959 -43.120227
3.653061 -4.163265 15.867452
-1.734694 0.326531 -8.873549
4.775510 3.183673 68.078022
-0.612245 1.551020 -0.180678
-1.734694 2.367347 5.498877
3.653061 -3.755102 29.153238
2.081633 -1.714286 3.655953
-6.000000 0.122449 -107.980211
-2.857143 -5.183673 -14.087102
4.775510 0.938776 -47.804303
4.326531 2.163265 24.470489
1.632653 3.183673 7.957107
0.285714 -4.571429 -0.000155
-2.408163 -2.734694 16.789043
-1.285714 -4.367347 1.001997
-1.510204 -6.000000 -6.773676
-4.204082 -5.795918 -49.886454
-3.755102 -2.530612 37.727178
2.081633 1.142857 -7.009867
1.408163 -3.755102 4.331905
-0.612245 3.795918 0.979925
5.000000 3.795918 65.355527
-3.755102 -0.693878 -28.377661
2.081633 -0.489796 -10.493376
-0.836735 -6.000000 -2.079355
3.204082 -4.775510 -6.260918
-1.734694 -5.183673 -5.192822
5.000000 -1.306122 -9.207803
-1.061224 -5.795918 -3.178739
-5.102041 -4.775510 -15.875184
4.551020 -3.959184 35.677411
2.306122 1.959184 3.897662
-3.306122 -5.387755 -23.907103
-5.102041 -3.142857 77.296954
-1.061224 -0.897959 -1.711617
-1.061224 -2.938776 3.372262
-4.877551 -0.285714 -64.954150
0.734694 2.571429 1.226178
-0.163265 -3.551020 0.068131
-0.163265 0.326531 -0.078603
1.632653 -2.530612 7.131792
2.979592 -5.795918 -25.058433
0.061224 -1.510204 0.000910
-0.612245 -1.102041 -0.361377
-3.081633 1.346939 -10.181244
-4.653061 -5.183673 -37.362444
-4.204082 -1.102041 -17.039318
-4.877551 -4.979592 -28.370488
1.857143 -1.918367 4.861900
3.428571 0.734694 -29.242390
0.734694 -2.734694 1.562669
-0.612245 -1.510204 0.090988
-3.306122 -1.918367 15.408249
-3.979592 -1.510204 3.844240
0.734694 -1.714286 0.455413
0.061224 1.551020 -0.001807
2.979592 -2.938776 26.584000
-5.102041 -1.510204 6.318607
-5.102041 -1.918367 36.694695
4.326531 0.938776 -39.238012
2.755102 -1.918367 10.700173
4.102041 -1.510204 4.084448
-4.877551 -2.530612 63.652354
1.408163 -0.285714 -5.413888
-4.204082 -1.918367 24.914817
-4.428571 -5.795918 -55.356377
1.408163 -5.795918 -5.596885
-0.163265 -4.163265 0.031694
-3.081633 -5.387755 -20.770685
1.857143 -2.938776 10.327552
-0.836735 0.530612 -1.943438
3.428571 -4.979592 -14.018114
0.061224 0.122449 -0.011243
-6.000000 -4.163265 42.805126
-5.326531 -5.387755 -62.055167
1.857143 -4.979592 -4.112953
4.551020 -0.081633 -60.593690
1.183673 -6.000000 -4.161185
2.081633 -5.795918 -12.230622
2.979592 2.367347 16.223400
-3.081633 -6.000000 -28.204272
3.653061 -5.183673 -23.028818
-1.061224 -3.755102 2.460296
0.734694 1.755102 0.069145
0.510204 -2.938776 0.779461
-2.857143 -3.959184 14.061760
-1.734694 -5.387755 -6.581650
0.510204 1.755102 0.033346
-5.775510 -4.571429 -0.063268
-2.632653 -3.959184 11.938864
-1.734694 1.959184 2.205389
5.000000 -3.755102 54.615121
0.285714 1.959184 0.059828
4.326531 -1.306122 -6.894385
2.306122 -1.918367 7.496873
-2.632653 0.122449 -20.788777
-5.326531 -4.775510 -17.302934
0.959184 -0.897959 -1.398285
-5.326531 -0.693878 -57.098141
1.408163 -2.530612 5.305384
-3.979592 0.530612 -43.961462
-0.612245 -4.571429 -0.000711
2.081633 -2.530612 11.593619
4.775510 4.000000 51.579348
2.530612 -5.183673 -11.051188
0.734694 -1.510204 0.131023
-2.857143 1.142857 -13.205825
0.510204 -3.959184 0.448398
3.877551 -3.755102 32.846412
2.755102 2.571429 17.243133
-3.081633 0.122449 -28.484159
-4.653061 2.571429 49.183377
-1.734694 -3.959184 5.183480
-2.408163 -0.081633 -16.966087
-0.163265 -4.775510 -0.016256
1.408163 3.183673 5.919341
-0.612245 -3.346939 1.057530
-5.326531 -3.959184 48.872507
-6.000000 -6.000000 -106.919190
-2.632653 -3.142857 20.580778
0.734694 -0.285714 -1.473724
-3.755102 3.387755 42.071300
-4.877551 -2.734694 68.874385
2.530612 -1.714286 5.403108
-4.877551 2.163265 31.100454
-1.510204 -0.693878 -4.589912
3.204082 -0.897959 -15.602685
-4.653061 1.142857 -35.025081
4.102041 1.142857 -27.220843
-2.632653 3.387755 20.679008
-1.510204 -1.102041 -2.198777
-4.877551 -2.122449 45.609019
-3.755102 -2.938776 42.223115
-2.632653 -2.734694 20.065101
1.632653 1.755102 0.341458
3.204082 1.755102 1.315095
-5.551020 -1.510204 7.479613
4.102041 3.591837 48.094728
4.326531 1.755102 2.397891
-5.102041 1.346939 -27.907888
3.204082 0.122449 -30.792774
4.775510 -5.591837 -58.335465
2.755102 -3.959184 13.075284
-3.306122 -6.000000 -32.463178
0.061224 -4.775510 -0.002286
-0.836735 3.387755 2.088902
3.653061 -0.693878 -26.856352
3.877551 1.959184 11.019312
4.551020 0.326531 -61.075807
-3.979592 -4.367347 9.599631
-1.061224 2.367347 2.057988
0.959184 1.551020 -0.443463
-5.102041 0.530612 -72.257499
0.734694 -5.591837 -1.380721
2.306122 -2.122449 10.195577
-2.632653 0.938776 -14.528297
0.285714 2.163265 0.106715
-3.755102 3.591837 40.303337
4.775510 1.346939 -24.449989
-0.387755 2.775510 0.394173
4.102041 -5.387755 -36.803494
-3.979592 0.326531 -46.701272
3.877551 2.571429 34.155123
-5.551020 -2.734694 89.207166
-1.510204 -3.551020 5.829448
-0.612245 -0.693878 -0.754368
-1.734694 1.755102 0.385474
3.877551 -3.959184 25.899466
-1.285714 3.183673 4.934650
-3.755102 -3.959184 24.289538
-0.836735 -4.571429 -0.001328
3.204082 2.571429 23.321042
2.530612 0.938776 -13.423898
-4.428571 0.938776 -41.110688
-5.326531 -4.367347 17.197540
-2.408163 -3.959184 9.989589
3.428571 -2.938776 35.199232
3.428571 -1.102041 -11.332777
0.285714 -0.897959 -0.124067
-5.326531 2.979592 81.223302
4.551020 2.571429 47.049865
2.755102 1.142857 -12.279396
3.428571 -3.755102 25.680253
0.734694 0.938776 -1.131463
4.102041 -0.285714 -45.941293
-0.163265 -2.530612 0.071318
-1.285714 1.142857 -2.674180
-1.285714 -1.102041 -1.593672
-1.061224 -1.918367 1.587559
3.653061 3.183673 39.836509
-3.979592 0.938776 -33.197433
2.979592 2.163265 11.605842
0.734694 -4.367347 0.327183
2.755102 1.755102 0.972356
-1.510204 -5.387755 -4.988390
1.632653 1.551020 -1.284818
-0.163265 -5.387755 -0.058301
0.510204 -0.897959 -0.395622
1.183673 -3.142857 4.160431
-2.857143 -0.285714 -22.287799
5.000000 -1.714286 21.092714
-2.857143 3.795918 21.340580
0.285714 -3.959184 0.140618
-3.530612 2.571429 28.316584
-1.061224 0.122449 -3.377973
3.204082 -4.979592 -12.242506
4.551020 -2.530612 55.415135
4.102041 -1.714286 14.196863
3.204082 -2.122449 19.681321
0.061224 -1.102041 -0.003614
2.081633 2.163265 5.664626
4.775510 -1.102041 -21.986165
1.632653 3.591837 7.618778
0.285714 4.000000 0.184629
4.775510 -3.142857 67.719552
3.204082 3.591837 29.343010
-5.775510 4.000000 75.442663
2.530612 0.530612 -17.776501
-4.204082 -0.897959 -26.861760
0.734694 -0.693878 -1.086290
-4.877551 -5.591837 -60.855068
-4.653061 -3.551020 55.339299
2.979592 -1.510204 2.154999
-0.163265 -0.081633 -0.077983
-0.387755 -2.530612 0.402278
-2.183673 1.755102 0.610837
5.000000 0.530612 -69.396102
-2.183673 -5.591837 -12.197435
4.326531 -2.326531 43.895510
-5.775510 -0.489796 -80.777011
3.204082 -5.591837 -26.260334
-1.285714 1.959184 1.211514
-4.428571 -4.979592 -23.387860
-5.326531 0.530612 -78.756049
-3.081633 -3.346939 26.791925
-2.183673 0.938776 -9.995461
-1.959184 -4.979592 -4.577343
-5.102041 -2.530612 69.646402
-4.428571 3.183673 58.545657
0.061224 0.734694 -0.009325
3.877551 0.938776 -31.516826
-2.408163 -3.755102 12.669070
5.000000 -3.959184 43.064139
-2.183673 -3.959184 8.213933
-1.285714 -3.551020 4.225178
4.551020 -1.918367 29.196648
4.775510 2.979592 65.287696
-2.408163 -5.183673 -10.007592
-3.306122 1.551020 -5.268556
-3.530612 3.387755 37.191397
2.530612 -1.918367 9.027482
-5.551020 -2.530612 82.443511
-1.285714 -1.510204 0.401257
4.551020 1.346939 -22.205302
-3.306122 0.734694 -27.190947
2.755102 -4.571429 -0.014397
-1.510204 3.387755 6.804774
-3.081633 1.755102 1.216499
-5.102041 0.326531 -76.760802
-4.877551 2.367347 43.474237
4.326531 1.959184 13.718891
-1.734694 -0.285714 -8.215783
-3.306122 0.938776 -22.912122
0.061224 1.959184 0.002747
-2.408163 1.959184 4.250219
3.204082 1.346939 -11.006424
-1.061224 -4.571429 -0.002136
3.877551 -2.734694 43.528042
2.530612 1.142857 -10.359835
-3.306122 -3.551020 27.937915
-0.387755 0.122449 -0.450979
-4.877551 -3.142857 70.644469
1.408163 2.775510 5.198495
4.551020 1.142857 -33.505738
-3.530612 0.326531 -36.757985
-3.979592 -0.897959 -24.069621
1.857143 -5.795918 -9.734888
-0.163265 -3.142857 0.079152
-1.959184 0.122449 -11.513092
-3.306122 -3.755102 23.878704
-5.775510 -3.551020 85.258332
-5.102041 2.163265 34.029138
-5.551020 2.571429 69.998133
-1.061224 1.755102 0.144266
2.081633 -1.102041 -4.177516
4.775510 1.755102 2.921389
3.428571 1.142857 -19.016388
3.877551 -5.591837 -38.459900
-3.755102 -4.163265 16.766282
0.061224 0.326531 -0.011054
-3.306122 -4.571429 -0.020732
-0.612245 0.122449 -1.124325
-5.326531 -0.489796 -68.706199
4.775510 -4.163265 27.116450
-1.959184 0.938776 -8.045958
3.653061 -1.306122 -4.915072
1.183673 3.183673 4.182454
-3.530612 -3.551020 31.860763
2.081633 -3.346939 12.225042
4.326531 -6.000000 -55.594614
-3.979592 -0.081633 -46.332624
4.326531 1.346939 -20.068674
4.775510 3.387755 68.042772
-5.326531 -3.346939 80.044416
-1.510204 -4.775510 -1.390920
2.979592 -1.714286 7.490417
-4.877551 0.530612 -66.038729
-0.612245 -5.795918 -1.058012
4.551020 -6.000000 -61.513540
-2.857143 -4.163265 9.706378
3.428571 -5.183673 -20.285427
-5.775510 -1.510204 8.096814
-2.857143 2.571429 18.544056
-2.408163 -4.775510 -3.536737
-0.612245 0.734694 -0.932474
-5.775510 -3.346939 94.107210
2.530612 3.591837 18.304115
3.204082 1.551020 -4.948355
-3.979592 1.755102 2.028743
2.530612 3.387755 19.107051
-1.510204 -1.714286 1.924260
-3.979592 1.551020 -7.633625
1.408163 -4.775510 -1.209308
2.979592 1.755102 1.137270
1.183673 -3.959184 2.413457
-5.326531 -2.734694 82.137778
-5.326531 -4.979592 -33.833897
-3.306122 -1.102041 -10.537748
-4.877551 -2.326531 55.788435
4.775510 0.530612 -63.304505
-2.857143 -3.142857 24.240325
-3.755102 -3.755102 30.804657
-1.510204 -4.979592 -2.719784
2.755102 0.122449 -22.767589
5.000000 3.591837 71.455807
-3.979592 -1.102041 -15.268170
-1.510204 3.591837 6.518817
0.061224 -4.163265 0.004457
2.530612 0.734694 -15.930803
-0.163265 -0.693878 -0.053644
3.877551 -1.306122 -5.537720
1.632653 2.163265 3.484584
-5.326531 -2.122449 54.392115
0.959184 2.979592 2.633876
0.734694 -1.102041 -0.520383
4.551020 3.387755 61.795950
-3.979592 -2.326531 37.137922
-3.081633 -0.489796 -22.996874
-4.877551 3.183673 71.018421
1.632653 -1.714286 2.248952
2.755102 2.775510 19.899721
4.551020 -0.693878 -41.682205
1.408163 0.734694 -4.932788
1.857143 -0.489796 -8.352139
-3.755102 -1.714286 11.896958
0.959184 0.530612 -2.553869
-1.734694 -4.367347 1.823993
0.061224 2.979592 0.010731
4.551020 -5.387755 -45.300882
0.285714 -2.326531 0.191428
2.530612 -1.306122 -2.358670
0.734694 -3.346939 1.522843
-1.061224 -4.367347 0.682640
-5.102041 2.571429 59.132831
-4.428571 -3.551020 50.128352
-1.510204 -4.163265 2.711843
0.510204 -2.734694 0.753602
0.285714 -6.000000 -0.242447
-2.408163 -4.163265 6.895490
4.326531 3.795918 48.935257
4.326531 -0.897959 -28.449311
4.551020 1.755102 2.653184
-3.979592 -5.591837 -40.510739
4.326531 3.387755 55.849849
-2.408163 -2.938776 17.365154
2.081633 -5.183673 -7.477664
2.979592 -3.346939 25.047001
3.653061 -0.285714 -36.434865
-4.428571 1.346939 -21.026472
3.428571 1.959184 8.615210
-3.081633 -2.530612 25.408122
-0.387755 -5.183673 -0.259461
5.000000 -0.489796 -60.540649
4.102041 -1.918367 23.720038
-3.979592 1.959184 11.606907
-2.183673 -4.775510 -2.908080
1.408163 -5.183673 -3.421872
-3.755102 -0.081633 -41.252789
2.979592 0.938776 -18.609769
-1.285714 -1.306122 -0.608842
-1.285714 -0.285714 -4.513279
3.653061 3.795918 34.886405
-5.102041 -5.387755 -56.934688
2.306122 3.795918 13.902953
0.285714 -4.367347 0.049481
4.102041 -4.979592 -20.066107
3.204082 -5.795918 -28.976605
-0.163265 2.979592 0.076310
2.306122 3.591837 15.200653
-5.326531 -0.285714 -77.462609
4.326531 -5.387755 -40.941962
0.959184 -3.346939 2.595648
-3.530612 -2.122449 23.897207
-1.510204 -2.122449 4.372385
-4.653061 2.367347 39.564516
-3.081633 -2.938776 28.436001
-1.959184 -5.183673 -6.623813
-5.102041 1.959184 19.077757
1.632653 -4.163265 3.169430
-5.326531 -1.306122 -10.449725
-1.285714 0.734694 -4.112211
-3.081633 1.142857 -15.362552
-0.163265 -2.938776 0.079817
-1.959184 2.775510 10.062871
-0.612245 2.571429 0.851513
-3.755102 1.959184 10.334344
-4.204082 0.938776 -37.048422
-4.428571 -5.387755 -42.895961
4.551020 -4.775510 -12.631312
-0.836735 1.142857 -1.132602
-2.632653 2.367347 12.665303
0.959184 2.571429 2.089991
-1.959184 -3.346939 10.829103
-0.387755 2.367347 0.274754
-1.734694 -4.775510 -1.835171
-0.387755 -1.714286 0.126855
-0.387755 -4.979592 -0.179299
0.959184 -4.571429 -0.001745
-6.000000 -3.346939 101.565144
-4.653061 -5.591837 -55.382256
-1.734694 2.775510 7.888916
-3.979592 -4.775510 -9.658462
-2.183673 3.591837 13.629280
2.979592 -3.959184 15.292881
4.326531 -4.979592 -22.322495
0.734694 0.734694 -1.342763
-4.653061 -0.693878 -43.572316
-2.632653 -5.387755 -15.159202
-4.204082 -0.285714 -48.255358
-6.000000 -1.306122 -13.259236
-1.734694 1.142857 -4.867963
0.061224 -0.285714 -0.010234
0.959184 -4.163265 1.093948
-2.183673 -1.918367 6.721881
0.510204 -4.571429 -0.000494
0.285714 -4.775510 -0.049785
0.959184 -3.959184 1.584818
0.734694 -5.387755 -1.180598
-1.959184 -0.693878 -7.724732
1.183673 -5.387755 -3.064453
-2.857143 1.346939 -8.751914
-3.755102 1.755102 1.806314
-0.163265 2.571429 0.060552
1.408163 1.755102 0.254013
1.857143 3.795918 9.016395
0.510204 -5.591837 -0.665857
2.979592 3.591837 25.375293
2.081633 0.530612 -12.028272
2.755102 -6.000000 -22.543873
-5.775510 2.163265 43.605754
-1.285714 -5.183673 -2.852638
-1.061224 2.163265 1.472237
4.326531 -0.081633 -54.763273
-1.061224 -2.326531 2.640919
2.755102 0.938776 -15.911196
2.530612 -4.163265 7.614554
-5.551020 -4.979592 -36.745894
-4.877551 -4.367347 14.420526
0.959184 -3.551020 2.351580
-4.653061 -1.714286 18.267116
2.755102 2.367347 13.870870
-0.836735 -0.693878 -1.408992
2.755102 -4.367347 4.601007
2.755102 -5.591837 -19.416390
5.000000 -0.285714 -68.256383
-3.979592 3.387755 47.251925
3.428571 -1.306122 -4.329546
-1.734694 -0.489796 -7.287067
3.428571 2.775510 30.817544
4.551020 1.959184 15.179484
1.408163 4.000000 4.484792
-3.979592 2.367347 28.940457
-0.836735 1.551020 -0.337465
-0.836735 2.367347 1.279393
-2.632653 -3.551020 17.715091
-4.204082 3.591837 50.517262
0.061224 -0.693878 -0.007544
1.632653 -2.734694 7.716883
-5.326531 -3.551020 72.517859
0.285714 2.775510 0.214011
-0.836735 -3.142857 2.078979
-5.102041 1.551020 -12.547049
-3.306122 0.122449 -32.785328
3.204082 3.387755 30.630183
-0.387755 1.346939 -0.161196
-3.530612 -4.571429 -0.023643
1.857143 -0.897959 -5.241829
-3.081633 -2.122449 18.205761
3.204082 3.183673 30.646051
-0.612245 -3.142857 1.113076
-2.408163 2.571429 13.173849
0.061224 -4.979592 -0.004470
-4.653061 0.938776 -45.384230
-4.653061 -6.000000 -64.302920
-2.632653 -4.979592 -8.265144
0.959184 -5.591837 -2.353405
-1.959184 -1.918367 5.410853
-6.000000 -2.122449 69.015970
1.857143 4.000000 7.800580
-3.306122 -5.795918 -30.851637
2.306122 -3.142857 15.792077
1.408163 1.551020 -0.955784
4.775510 -3.755102 49.821001
0.061224 -6.000000 -0.011133
0.510204 3.387755 0.776659
-2.408163 1.346939 -6.217431
-3.530612 2.163265 16.295329
-5.102041 -0.285714 -71.070786
3.877551 0.530612 -41.735931
1.632653 -3.142857 7.915208
0.510204 2.571429 0.591328
-4.204082 -2.122449 33.883587
-2.857143 2.775510 21.401072
-0.387755 -3.142857 0.446467
1.183673 -2.122449 2.686030
-2.183673 -1.306122 -1.756270
2.755102 0.530612 -21.070287
3.204082 -1.102041 -9.897308
-3.081633 -1.102041 -9.155281
1.857143 2.163265 4.508725
-4.204082 -4.367347 10.713213
-5.775510 1.755102 4.272977
2.306122 -1.714286 4.487011
5.000000 -5.591837 -63.948906
4.775510 -1.510204 5.535706
-4.653061 1.959184 15.867810
-6.000000 0.734694 -89.554819
-2.408163 -6.000000 -17.223643
-3.081633 -0.897959 -14.432911
-2.408163 0.326531 -17.101079
1.183673 -1.714286 1.182106
-6.000000 -2.326531 84.419551
-5.551020 -0.081633 -90.147872
2.081633 0.326531 -12.777910
-2.632653 1.959184 5.079567
1.183673 3.591837 4.004620
0.285714 -1.306122 -0.030066
0.061224 -0.489796 -0.009077
2.979592 0.326531 -26.179732
-0.387755 -5.795918 -0.424380
-3.081633 -1.714286 8.012244
-6.000000 3.591837 102.896363
-0.836735 -3.551020 1.789500
-1.959184 2.367347 7.014208
3.428571 -2.122449 22.535827
2.755102 -3.551020 19.401330
-3.530612 2.775510 32.679219
-5.326531 3.387755 84.650845
5.000000 -5.183673 -43.141750
-1.734694 3.795918 7.866617
2.979592 -3.551020 22.691838
2.306122 2.775510 13.942362
2.979592 -3.755102 19.394851
0.510204 -5.387755 -0.569347
1.632653 -2.938776 7.981685
2.979592 -1.918367 12.514946
-2.183673 -1.102041 -4.597114
-1.285714 -3.755102 3.611286
-3.530612 -1.102041 -12.017385
-0.163265 -1.918367 0.037575
4.102041 1.551020 -8.110613
-5.326531 -5.795918 -80.080948
-2.632653 4.000000 15.675578
1.632653 2.571429 6.055202
-3.081633 2.979592 27.186514
1.183673 0.938776 -2.936914
3.653061 2.979592 38.203723
2.530612 2.367347 11.702524
-3.979592 -0.693878 -31.872063
3.877551 -5.795918 -42.438047
-1.061224 1.142857 -1.821865
-2.183673 0.734694 -11.862107
1.408163 3.387755 5.916277
4.551020 4.000000 46.843988
2.530612 -2.530612 17.134129
-0.163265 -4.367347 0.016157
-5.551020 -5.387755 -67.396096
0.734694 1.959184 0.395596
-1.734694 3.387755 8.978176
-3.306122 -4.979592 -13.034700
1.408163 -0.081633 -5.801174
2.306122 4.000000 12.028211
-0.836735 3.591837 2.001120
-0.163265 -5.591837 -0.068184
-0.163265 0.122449 -0.079952
-5.326531 -1.714286 23.937638
2.979592 -4.163265 10.556181
-3.081633 1.551020 -4.577364
2.081633 -3.755102 9.466318
1.857143 1.346939 -3.697683
-4.653061 -4.367347 13.123661
-5.551020 -0.897959 -46.831475
-4.653061 2.979592 61.982533
-2.183673 -1.510204 1.157468
4.326531 1.142857 -30.281765
-1.959184 3.795918 10.034428
-6.000000 -0.897959 -54.713524
-1.285714 4.000000 3.738740
-4.653061 3.183673 64.631600
2.530612 -3.551020 16.368442
2.530612 -3.959184 11.031307
-2.408163 2.163265 7.581147
-2.857143 -4.571429 -0.015484
-2.632653 -6.000000 -20.584505
-6.000000 -5.387755 -78.739308
-1.734694 2.979592 8.614647
-1.285714 -3.959184 2.847506
-3.979592 1.346939 -16.979159
1.857143 -3.142857 10.241537
4.326531 -1.102041 -18.046355
-3.979592 -4.163265 18.830868
4.102041 -1.306122 -6.197492
-0.836735 -5.183673 -1.208185
-0.836735 1.755102 0.089686
4.775510 -0.897959 -34.660254
-2.632653 0.326531 -20.438024
-5.551020 1.755102 3.947258
-0.612245 -5.387755 -0.819860
1.632653 -0.285714 -7.277649
-1.285714 -0.081633 -4.836139
-2.857143 -4.979592 -9.734801
1.408163 3.591837 5.667657
1.857143 0.530612 -9.573830
1.632653 -2.326531 6.250696
0.959184 -2.530612 2.461582
-3.755102 -5.795918 -39.800070
-0.387755 3.183673 0.448831
-5.775510 -5.387755 -72.957476
-4.204082 1.959184 12.953339
2.755102 -4.775510 -4.629204
3.428571 -0.081633 -34.390322
1.408163 1.959184 1.453267
-2.857143 3.183673 24.368640
4.326531 2.979592 53.588469
3.204082 -2.734694 29.720851
1.857143 0.326531 -10.170499
-1.510204 4.000000 5.158312
3.877551 0.326531 -44.337039
-0.612245 1.346939 -0.401874
3.204082 -1.306122 -3.781143
0.510204 -3.755102 0.568671
-5.326531 -1.918367 39.994869
-1.510204 -3.755102 4.982464
-5.551020 -0.285714 -84.129617
-2.857143 -0.693878 -16.428466
4.775510 2.571429 51.806036
-4.653061 0.734694 -53.859708
-2.408163 -0.693878 -11.670917
2.081633 -4.367347 2.626550
0.285714 0.326531 -0.240722
-3.306122 2.775510 28.655599
5.000000 -1.510204 6.068390
-1.285714 -2.326531 3.876408
-3.306122 -5.591837 -27.959601
-4.204082 2.163265 23.104968
2.979592 -0.489796 -21.499117
3.877551 -2.326531 35.257830
-4.428571 0.122449 -58.825954
-4.877551 2.571429 54.043623
2.306122 2.367347 9.718361
-3.755102 -5.591837 -36.069207
-3.081633 -3.959184 16.358275
-0.387755 -6.000000 -0.446548
-1.510204 1.551020 -1.099322
-0.836735 -5.387755 -1.531315
1.408163 1.346939 -2.125911
-5.775510 -3.755102 72.870811
-2.408163 -3.142857 17.220525
0.061224 1.142857 -0.006064
1.408163 0.530612 -5.504287
4.326531 -5.183673 -32.302587
2.755102 -2.122449 14.551993
-1.959184 0.734694 -9.548535
-2.183673 -5.795918 -13.459091
-0.387755 -2.326531 0.352578
-3.755102 0.938776 -29.557719
3.428571 0.938776 -24.640745
-5.775510 -4.163265 39.661944
-0.387755 0.734694 -0.374026
-4.653061 3.387755 64.598135
-1.061224 2.775510 2.952474
0.510204 0.734694 -0.647552
-5.102041 0.734694 -64.755150
2.530612 -3.755102 13.990206
3.428571 -2.734694 34.031453
0.734694 0.530612 -1.498331
-0.387755 -0.897959 -0.228511
-0.163265 2.775510 0.069881
3.877551 3.183673 44.883055
0.959184 -0.081633 -2.691618
1.408163 -1.306122 -0.730335
-4.653061 -3.346939 61.082910
-4.428571 -1.714286 16.547019
-4.428571 -4.163265 23.319573
-5.326531 3.795918 74.170494
0.510204 -4.163265 0.309515
-0.612245 1.959184 0.274720
-0.612245 -4.163265 0.445701
1.408163 -1.102041 -1.911683
-3.979592 -5.387755 -34.639064
-1.510204 -3.346939 6.434480
-4.428571 -0.081633 -57.376908
2.306122 -1.102041 -5.127134
2.081633 -2.122449 8.307212
-0.163265 1.551020 -0.012848
-6.000000 2.163265 47.061481
-1.959184 -0.081633 -11.229493
0.285714 -0.489796 -0.197684
-2.632653 -4.367347 4.201117
-5.551020 0.734694 -76.653521
2.306122 -3.346939 15.003995
-6.000000 -2.938776 107.797648
2.979592 3.183673 26.502139
-2.857143 1.755102 1.045716
3.653061 -4.571429 -0.025312
-3.979592 -3.755102 34.597917
-3.081633 -4.367347 5.756244
0.510204 -0.285714 -0.710708
5.000000 -0.081633 -73.139139
-2.183673 -3.755102 10.417135
2.755102 -0.897959 -11.536327
-5.326531 -3.142857 84.248733
5.000000 2.367347 45.684443
1.857143 1.551020 -1.662434
-3.081633 0.938776 -19.906237
4.551020 -5.591837 -52.979844
4.775510 -2.122449 43.720654
5.000000 1.755102 3.202506
4.102041 -1.102041 -16.222205
-5.102041 -3.959184 44.839795
1.183673 -2.938776 4.195373
1.408163 -2.938776 5.937626
4.326531 -0.285714 -51.107287
3.428571 4.000000 26.586594
-2.183673 2.163265 6.233594
2.081633 -4.163265 5.152304
-3.530612 -0.285714 -34.033241
2.081633 -3.551020 11.075525
-0.836735 4.000000 1.583477
-3.081633 4.000000 21.478207
-6.000000 1.959184 26.384079
-4.877551 2.775510 62.369931
-3.306122 2.571429 24.830112
-3.306122 -2.938776 32.729898
-1.959184 -3.551020 9.810845
-2.632653 0.734694 -17.241447
2.530612 -2.122449 12.277171
0.510204 4.000000 0.588741
3.428571 3.387755 35.072671
0.734694 -4.775510 -0.329188
-2.183673 3.387755 14.227148
-2.857143 2.367347 14.917369
-0.836735 -3.346939 1.975230
4.551020 3.183673 61.827963
1.408163 -4.367347 1.201942
2.530612 0.122449 -19.208475
3.204082 -1.714286 8.661629
-3.081633 -4.163265 11.291588
-2.632653 -1.510204 1.682367
-4.428571 -3.346939 55.331124
1.183673 2.979592 4.011027
-1.061224 -1.306122 -0.414792
2.755102 -0.285714 -20.724241
-1.285714 -2.938776 4.949892
4.102041 -3.346939 47.472504
4.326531 -2.530612 50.083007
3.428571 -4.163265 13.977184
2.755102 2.163265 9.922897
0.510204 -5.183673 -0.449206
-5.775510 0.938776 -69.921083
3.428571 -4.571429 -0.022296
-2.408163 2.367347 10.597421
-0.836735 -0.897959 -1.064064
2.306122 -3.755102 11.618167
-0.836735 -0.489796 -1.695441
4.551020 -1.306122 -7.628402
-3.530612 -5.183673 -21.510861
5.000000 -2.122449 47.927757
4.551020 -4.367347 12.554373
-0.836735 -2.122449 1.342217
4.102041 -4.163265 20.007519
-4.428571 2.571429 44.552094
1.183673 -1.306122 -0.516036
-5.775510 -0.897959 -50.695907
-1.734694 -2.122449 5.768897
1.183673 -1.102041 -1.350746
-3.530612 -6.000000 -37.021431
-0.387755 2.979592 0.430434
4.326531 3.591837 53.502871
-3.979592 3.183673 47.276404
-2.183673 1.346939 -5.112279
0.510204 1.142857 -0.421104
-4.653061 -4.775510 -13.204089
4.551020 -2.734694 59.961386
3.877551 1.346939 -16.119596
-3.755102 -4.775510 -8.599524
-3.530612 1.142857 -20.165160
-3.530612 1.755102 1.596798
2.755102 3.183673 22.659105
-3.979592 4.000000 35.818992
-0.163265 2.163265 0.034846
1.183673 -0.693878 -2.819661
-4.428571 0.530612 -54.440534
-5.775510 0.326531 -98.363134
0.734694 1.551020 -0.260176
-5.775510 1.959184 24.446695
3.653061 1.959184 9.780326
4.551020 -4.979592 -24.699078
-3.979592 3.795918 41.401815
-0.163265 -1.714286 0.022490
-1.734694 -0.693878 -6.055902
1.632653 -3.959184 4.591595
-3.306122 -3.346939 30.837563
-4.653061 -2.326531 50.771275
-2.183673 0.122449 -14.302668
0.510204 -3.142857 0.772970
-0.612245 0.938776 -0.785738
-4.428571 -2.530612 52.473271
0.061224 -2.938776 0.011224
-5.775510 2.571429 75.774228
0.959184 -2.326531 2.157467
-3.979592 -1.918367 22.325053
0.734694 -0.897959 -0.820361
-1.285714 -5.795918 -4.665834
-5.775510 3.387755 99.522930
1.408163 -0.489796 -4.801900
-5.551020 -4.775510 -18.792154
-2.408163 0.938776 -12.156241
-2.408163 3.387755 17.302717
-0.836735 3.795918 1.830281
2.306122 -1.306122 -1.958758
3.877551 2.775510 39.417281
-5.551020 -1.918367 43.437125
1.857143 -1.306122 -1.270301
3.877551 -2.530612 40.227762
-0.163265 2.367347 0.048710
4.326531 -0.693878 -37.671479
1.183673 0.122449 -4.202478
-5.102041 -5.795918 -73.473074
2.306122 -2.530612 14.229039
-0.387755 0.938776 -0.315168
-5.551020 -6.000000 -91.516374
3.428571 3.591837 33.598812
-0.387755 4.000000 0.340057
-4.653061 -0.285714 -59.112700
-2.857143 -3.551020 20.865079
-1.510204 2.163265 2.981497
2.081633 -1.918367 6.108346
-0.387755 0.326531 -0.443370
0.061224 -1.714286 0.003163
0.510204 2.775510 0.682432
-0.612245 -2.326531 0.879004
0.510204 -0.081633 -0.761549
-0.387755 -4.571429 -0.000285
1.183673 2.367347 2.560308
-2.857143 -1.102041 -7.869984
-1.285714 -1.918367 2.330260
-4.204082 4.000000 39.974089
-4.653061 0.530612 -60.099741
-3.306122 1.755102 1.400193
2.530612 0.326531 -18.884386
-1.734694 -2.734694 8.711637
0.285714 -5.795918 -0.230412
-2.183673 2.367347 8.713722
-3.755102 2.163265 18.433448
-3.979592 -3.346939 44.680626
2.306122 -5.183673 -9.177459
2.979592 -1.306122 -3.269863
5.000000 4.000000 56.542669
-0.163265 1.959184 0.019536
0.061224 -3.346939 0.010575
-3.530612 1.346939 -13.364083
-5.551020 3.795918 80.554158
-6.000000 -3.142857 106.899832
1.632653 -1.306122 -0.981757
2.081633 -1.306122 -1.595968
-0.836735 0.122449 -2.099990
-0.387755 -4.775510 -0.091695
-2.183673 -5.183673 -8.228736
3.428571 0.530612 -32.630330
2.530612 3.795918 16.741468
-1.734694 2.163265 3.933768
-6.000000 -5.183673 -62.124120
0.285714 2.571429 0.185441
1.183673 2.163265 1.831584
4.102041 -2.734694 48.714029
-2.408163 -5.795918 -16.368625
-0.163265 -4.979592 -0.031787
-2.632653 -5.183673 -11.960381
-4.204082 -4.163265 21.015299
-0.387755 -0.081633 -0.439871
-5.551020 -4.163265 36.638605
-1.959184 1.551020 -1.850138
4.326531 0.734694 -46.565688
5.000000 2.775510 65.540783
4.102041 -2.938776 50.385635
3.653061 0.938776 -27.973148
-3.979592 -3.551020 40.479318
-0.387755 -1.306122 -0.055377
4.775510 -1.714286 19.241193
2.306122 0.530612 -14.762496
-3.530612 -4.979592 -14.864942
-3.755102 -1.918367 19.877370
3.428571 -0.693878 -23.656992
-3.979592 2.775510 41.519172
-5.551020 0.530612 -85.534380
4.775510 2.775510 59.787607
-2.632653 3.795918 18.118806
-5.775510 0.530612 -92.592493
-4.877551 -3.959184 40.980703
1.408163 -4.571429 -0.003761
2.530612 -0.285714 -17.484551
-0.612245 2.979592 1.073105
3.204082 0.326531 -30.273232
0.061224 -4.571429 -0.000007
-4.428571 2.163265 25.638369
-4.877551 -5.795918 -67.149687
5.000000 -4.367347 15.153658
-3.979592 2.979592 45.338678
1.408163 1.142857 -3.207803
-4.653061 -2.122449 41.507314
0.285714 -5.591837 -0.208813
-0.612245 3.591837 1.071391
-2.183673 -0.285714 -13.019031
1.408163 0.326531 -5.847331
-0.612245 4.000000 0.847787
-0.387755 -1.918367 0.211949
-2.857143 0.530612 -22.659952
-1.959184 -3.142857 11.397900
-0.163265 1.346939 -0.028578
-5.326531 0.326531 -83.664362
-2.183673 -4.367347 2.890366
0.959184 -0.285714 -2.511926
-5.326531 -2.326531 66.531818
4.102041 3.795918 43.988816
-3.306122 1.142857 -17.682330
-0.612245 -4.979592 -0.447006
0.959184 -4.367347 0.557675
-3.306122 3.183673 32.629111
4.102041 -2.326531 39.458493
-0.387755 2.571429 0.341551
3.204082 -5.387755 -22.454130
-3.979592 -4.571429 -0.030039
5.000000 3.183673 74.628959
-1.061224 1.551020 -0.542836
-1.959184 -2.326531 9.001002
-3.979592 3.591837 45.266257
-0.163265 -2.122449 0.051102
-4.877551 -6.000000 -70.657261
0.061224 -3.551020 0.009581
-5.775510 -1.102041 -32.158119
-3.979592 -3.142857 47.027467
1.857143 -4.367347 2.090586
-2.632653 1.551020 -3.340727
0.734694 3.795918 1.411091
4.326531 -4.571429 -0.035505
-2.857143 -3.346939 23.030645
-2.408163 -1.102041 -5.590901
1.857143 -2.122449 6.612074
-1.510204 0.530612 -6.330913
4.102041 -0.693878 -33.863596
-0.387755 1.959184 0.110193
-5.326531 -5.183673 -48.960585
0.510204 -3.551020 0.665341
-1.510204 1.142857 -3.689546
-2.857143 0.122449 -24.485309
-1.734694 -3.755102 6.573832
1.183673 3.795918 3.662740
-4.204082 -1.306122 -6.509659
1.632653 3.795918 6.968353
1.857143 -1.510204 0.837190
1.857143 -0.693878 -6.941027
-4.877551 1.142857 -38.486220
2.755102 -1.714286 6.404243
1.632653 -5.183673 -4.599870
-0.836735 -0.285714 -1.911520
3.204082 3.795918 26.837957
-0.836735 -5.591837 -1.790889
2.306122 1.755102 0.681263
-3.081633 -5.591837 -24.291528
1.183673 0.734694 -3.485381
-2.632653 -0.693878 -13.948271
-4.204082 -2.938776 52.923562
-3.306122 -1.714286 9.222110
-2.857143 -2.326531 19.142755
3.653061 2.367347 24.386093
-4.204082 0.734694 -43.967193
-3.306122 3.591837 31.241753
1.632653 1.346939 -2.857768
-3.530612 -4.367347 7.555749
3.877551 3.591837 42.974671
-3.306122 -2.122449 20.954870
-0.387755 3.795918 0.393059
3.653061 3.387755 39.815882
-1.061224 1.959184 0.825380
4.551020 -2.326531 48.568882
-3.306122 -4.775510 -6.666053
-6.000000 -0.285714 -98.289192
-0.163265 -1.510204 0.006470
3.428571 2.571429 26.703440
5.000000 -6.000000 -74.249437
2.530612 -2.938776 19.175999
1.183673 0.530612 -3.889188
2.081633 0.938776 -9.083132
1.408163 2.571429 4.504503
0.734694 -3.551020 1.379650
-4.877551 0.938776 -49.869048
2.306122 2.571429 12.081074
-2.408163 -0.897959 -8.813817
0.959184 0.122449 -2.759594
-6.000000 2.775510 94.378728
1.632653 1.959184 1.953562
2.081633 4.000000 9.800415
-3.755102 -1.510204 3.422764
0.734694 -1.918367 0.760901
-1.285714 -0.693878 -3.326764
1.857143 -2.530612 9.227870
2.081633 1.346939 -4.645659
-4.204082 -2.530612 47.288236
3.653061 1.551020 -6.432320
-4.428571 2.775510 51.416076
-3.306122 1.959184 8.010826
2.306122 3.387755 15.867451
-4.428571 -6.000000 -58.247926
-2.857143 -0.489796 -19.768375
1.857143 1.959184 2.527726
-0.612245 -5.183673 -0.646857
2.755102 -3.346939 21.414975
3.653061 2.163265 17.445242
-1.510204 1.755102 0.292160
0.285714 -3.755102 0.178335
-1.510204 2.979592 6.529247
-0.836735 -5.795918 -1.976132
-2.857143 2.163265 10.671538
2.306122 -4.367347 3.223608
-5.775510 2.775510 87.448493
3.428571 2.979592 33.652567
-5.775510 1.551020 -16.078090
5.000000 -3.551020 63.899304
-2.632653 -2.530612 18.543773
4.551020 3.591837 59.199098
2.755102 -1.306122 -2.795705
2.755102 -1.510204 1.842506
0.734694 1.142857 -0.873201
0.061224 -4.367347 0.002272
-4.204082 -2.326531 41.446019
-3.979592 -6.000000 -47.035983
-5.775510 1.142857 -53.961291
-5.102041 -4.367347 15.778486
0.959184 3.183673 2.746445
1.632653 -4.571429 -0.005056
0.285714 -0.081633 -0.238822
0.285714 -5.387755 -0.178547
-5.102041 0.938776 -54.565142
-3.306122 -0.897959 -16.612311
-1.734694 -4.979592 -3.588466
1.183673 2.571429 3.182765
-1.510204 -5.183673 -3.935764
-0.612245 -0.897959 -0.569695
5.000000 1.959184 18.322277
0.510204 3.591837 0.744021
5.000000 -4.979592 -29.812828
4.551020 0.938776 -43.415519
2.306122 -1.510204 1.290917
-3.306122 -0.081633 -31.977735
-3.979592 0.734694 -39.397034
-0.163265 -4.571429 -0.000051
-3.081633 0.530612 -26.360692
3.877551 1.755102 1.926038
2.755102 1.959184 5.563074
1.857143 3.387755 10.290419
-6.000000 -1.510204 8.738481
0.510204 1.346939 -0.279079
1.857143 -3.755102 7.534657
0.285714 -5.183673 -0.140871
4.326531 0.326531 -55.199000
-0.387755 -3.959184 0.258995
2.306122 -5.591837 -13.603725
-0.163265 3.387755 0.079530
-1.959184 -2.122449 7.358637
-5.775510 3.183673 99.574488
3.653061 -2.938776 39.959559
4.775510 1.142857 -36.892762
0.734694 4.000000 1.220813
-3.755102 -1.306122 -5.193492
1.183673 -4.775510 -0.854466
-3.081633 -2.734694 27.492601
-3.081633 2.571429 21.572603
-1.510204 2.571429 5.180982
-3.530612 0.938776 -26.129282
-5.775510 -0.081633 -97.586680
-1.510204 -0.897959 -3.466279
-5.551020 -3.346939 86.933634
-3.755102 -4.571429 -0.026745
4.102041 2.775510 44.113506
1.183673 2.775510 3.673123
0.734694 -2.122449 1.034808
2.081633 -0.081633 -12.677045
-1.285714 2.571429 3.755171
-3.530612 0.530612 -34.601515
-1.061224 -2.734694 3.260383
-3.306122 -4.367347 6.625449
2.306122 1.346939 -5.701693
0.061224 3.795918 0.009799
-1.959184 -1.510204 0.931716
0.734694 0.122449 -1.619029
3.877551 -0.489796 -36.410120
0.959184 4.000000 2.080846
0.510204 1.551020 -0.125470
3.204082 1.959184 7.523962
2.081633 3.183673 12.935272
-1.061224 -2.530612 3.013182
-3.530612 3.795918 32.586848
-4.204082 2.367347 32.297626
-1.959184 0.530612 -10.654802
-3.306122 1.346939 -11.718634
-5.775510 0.122449 -100.051218
-1.959184 -5.795918 -10.834046
-2.632653 2.571429 15.744471
-3.530612 -1.306122 -4.591092
4.102041 0.530612 -46.708403
3.877551 -3.346939 42.418688
-3.306122 -0.489796 -26.469451
1.857143 2.979592 9.873757
-5.551020 2.367347 56.308502
-0.612245 2.367347 0.684981
1.183673 -2.326531 3.285522
-1.734694 -0.081633 -8.803503
-4.653061 -0.489796 -52.430573
0.061224 -2.734694 0.010852
1.857143 0.938776 -7.229663
2.755102 -2.938776 22.729096
3.877551 -0.897959 -22.851106
4.326531 2.775510 49.073969
-5.102041 -2.122449 49.903953
-0.387755 3.387755 0.448598
4.775510 -1.918367 32.148076
4.775510 -1.306122 -8.399541
3.877551 -4.367347 9.113653
1.632653 -1.102041 -2.569791
4.102041 2.979592 48.171675
1.408163 -3.346939 5.594332
1.857143 -3.959184 5.941093
-1.510204 -2.530612 6.102139
3.428571 -6.000000 -34.912388
-0.836735 -2.734694 2.026888
1.632653 0.734694 -6.630927
2.979592 0.122449 -26.629022
-4.428571 1.142857 -31.726994
-3.081633 3.591837 27.143088
-2.857143 0.326531 -24.072188
-3.530612 -1.714286 10.517015
-3.306122 -5.183673 -18.862342
2.530612 -0.693878 -12.887964
4.326531 -2.122449 35.886132
2.081633 3.591837 12.385276
0.959184 -2.122449 1.763805
3.428571 0.122449 -35.258844
2.081633 -2.938776 12.975227
-2.632653 1.142857 -11.212149
-5.775510 -5.591837 -85.324513
-4.653061 2.775510 56.760884
2.979592 3.795918 23.208970
-4.204082 2.775510 46.335505
-4.428571 4.000000 44.357147
5.000000 -2.938776 74.859477
2.081633 -4.775510 -2.642647
-3.755102 -1.102041 -13.594192
-5.775510 -2.530612 89.246572
1.408163 -3.142857 5.888173
2.979592 -5.183673 -15.320442
0.734694 3.591837 1.542803
-0.387755 1.755102 0.019260
2.979592 -2.734694 25.702043
0.510204 2.367347 0.475681
0.061224 -3.755102 0.008189
-2.632653 -5.795918 -19.562647
0.734694 -2.938776 1.616291
-0.163265 -0.489796 -0.064550
-3.081633 -4.979592 -11.324653
1.408163 -4.979592 -2.364663
4.551020 -3.346939 58.433211
-2.183673 -2.734694 13.804780
-1.285714 3.591837 4.724833
3.653061 -0.897959 -20.281781
3.204082 -1.510204 2.491957
-1.959184 -3.959184 6.611897
0.959184 0.734694 -2.288706
-4.428571 1.959184 14.373640
-2.408163 3.795918 15.160523
-1.061224 -0.489796 -2.727229
0.959184 0.326531 -2.713034
-2.408163 -5.591837 -14.834228
-5.102041 -3.551020 66.534053
-3.306122 2.367347 19.974053
2.081633 -2.326531 10.161287
1.183673 0.326531 -4.131573
-3.530612 -0.693878 -25.086101
-5.102041 -5.183673 -44.920606
-4.877551 0.326531 -70.154461
4.551020 -5.795918 -58.459880
0.061224 -5.387755 -0.008199
-6.000000 0.938776 -75.462282
4.551020 0.734694 -51.523342
2.979592 0.530612 -24.643853
0.959184 3.387755 2.745023
-5.551020 -5.183673 -53.174498
-3.755102 2.775510 36.967076
3.877551 -6.000000 -44.654805
-2.408163 -2.326531 13.599170
3.428571 -1.510204 2.853382
2.530612 1.346939 -6.865787
1.183673 1.959184 1.026841
-2.408163 2.775510 15.203496
-2.857143 -6.000000 -24.244714
-3.979592 -5.795918 -44.701018
3.877551 -5.183673 -25.946142
3.204082 -3.959184 17.684098
-5.551020 -3.551020 78.759286
1.857143 -0.285714 -9.416595
2.530612 -5.591837 -16.381147
-5.326531 -4.163265 33.735111
-5.326531 0.734694 -70.578970
-2.408163 -3.551020 14.822722
-5.326531 2.571429 64.451001
2.306122 3.183673 15.875671
2.755102 3.591837 21.695662
-2.183673 -0.693878 -9.596404
-4.653061 0.122449 -64.941035
-4.428571 -0.285714 -53.546436
-4.428571 -2.734694 56.778171
-4.877551 0.122449 -71.358434
-2.857143 -1.918367 11.507456
-5.102041 3.591837 74.402132
-4.877551 -3.755102 51.972850
-0.387755 -4.367347 0.091137
-1.734694 -2.326531 7.056449
-1.285714 0.326531 -4.874618
3.653061 0.734694 -33.197116
-5.551020 4.000000 69.691842
-0.387755 -4.163265 0.178776
-0.163265 -6.000000 -0.079166
1.857143 2.571429 7.834864
-4.877551 -5.387755 -52.034661
2.306122 1.551020 -2.563412
-5.326531 -1.510204 6.886877
0.734694 -4.571429 -0.001024
4.551020 -1.714286 17.474711
-1.285714 -2.122449 3.169101
-0.163265 -1.102041 -0.025698
-2.408163 -4.979592 -6.915682
-0.836735 -4.775510 -0.426979
5.000000 -4.163265 29.725782
1.408163 -1.918367 2.795255
-3.755102 0.122449 -42.294623
-3.530612 -2.938776 37.325603
0.510204 2.163265 0.340291
-5.326531 4.000000 64.168982
-2.183673 1.551020 -2.298419
-3.081633 -1.306122 -3.497661
4.775510 -0.693878 -45.895771
-1.510204 -5.795918 -6.437417
4.775510 2.163265 29.812791
2.979592 -6.000000 -26.367364
-4.204082 1.346939 -18.948786
-0.163265 -0.285714 -0.072776
1.857143 3.183673 10.295750
4.102041 -3.142857 49.965988
1.183673 -0.081633 -4.098960
3.653061 -2.734694 38.633851
-2.183673 -3.346939 13.452952
2.306122 -2.326531 12.471114
2.979592 -3.142857 26.362590
-5.326531 -3.755102 61.981452
4.551020 -3.142857 61.502404
0.510204 1.959184 0.190778
2.306122 0.938776 -11.147877
-2.632653 -1.918367 9.770183
-4.653061 1.551020 -10.435933
-1.734694 1.346939 -3.226152
-4.653061 -0.081633 -63.341358
2.755102 -2.530612 20.308891
-4.428571 1.551020 -9.453248
1.183673 -2.734694 4.056187
